pmint
1 
20 
20 
10 
15 
10 
11 
4 
0 
956 
0 
13 
221 
59 
220 
0 
210 
0 
206 
0 
0 
0 
0 
0 
0 
0 
0 
51 
46 
0 
0 
0 
0 
0 
49 
0 
0 
0 
1 
0 
0 
0 
0 
2 
0 
1 
0 
0 
0 
7 
0 
0 
55 
3 
1605 
0 
1 
0 
0 
1 
0 
1 
1 
0 
1 
2 
0 
0 
0 
0 
0 
0 
6 
0 
5 
1 
-1 
0 
0 
1 
1 
0 
0 
0 
0 
1 
0 
1 
9 
151 
0 
1 
0 
-1 
0 
1 
0 
1 
0 
4 
0 
0 
0 
0 
15 
0 
15 
0 
8 
0 
0 
0 
0 
0 
0 
0 
0 
4 
2 
2 
1 
0 
0 
0 
0 
0 
0 
1 
5 
1 
0 
1 
2 
0 
0 
0 
0 
0 
1 
0 
1 
1 
1 
1 
1 
0 
0 
0 
0 
0 
0 
0 
0 
0 
0 
0 
0 
0 
0 
1 
0 
0 
1 
1 
1 
0 
0 
0 
1 
1 
0 
1 
1 
1 
1 
0 
0 
1 
1 
1 
1 
1 
1 
1 
1 
0 
0 
0 
0 
0 
0 
0 
0 
0 
0 
0 
0 
0 
0 
0 
0 
0 
0 
0 
0 
0 
0 
0 
0 
0 
0 
0 
0 
0 
0 
0 
0 
0 
0 
0 
0 
0 
0 
0 
0 
0 
0 
0 
0 
205 
0 
0 
0 
0 
0 
0 
0 
0 
0 
0 
0 
0 
0 
0 
0 
0 
0 
0 
0 
0 
0 
0 
0 
0 
0 
0 
0 
0 
0 
0 
0 
0 
0 
0 
0 
0 
0 
0 
0 
0 
0 
0 
0 
0 
0 
0 
0 
0 
0 
1 
0 
0 
0 
1 
0 
0 
0 
0 
0 
1 
0 
1 
0 
0 
0 
0 
0 
0 
0 
1 
0 
0 
0 
0 
2 
0 
1 
0 
0 
0 
0 
0 
1 
0 
0 
0 
0 
0 
1 
0 
0 
0 
0 
0 
0 
0 
0 
0 
0 
12 
15 
14 
0 
0 
0 
0 
0 
0 
0 
0 
0 
4 
50 
0 
0 
0 
0 
0 
0 
0 
0 
0 
0 
0 
0 
0 
0 
0 
0 
0 
0 
0 
0 
0 
0 
0 
0 
0 
0 
0 
0 
0 
0 
0 
0 
0 
0 
0 
0 
0 
1500 
1 
0 
2 
1 
0 
5 
3 
0 
0 
0 
0 
0 
0 
0 
0 
0 
0 
26 
3 
1 
0 
1 
1 
1 
0 
0 
90 
3 
0 
0 
5 
0 
0 
2 
1 
0 
0 
0 
0 
2 
0 
0 
0 
6 
6 
0 
4 
1 
1 
0 
0 
0 
0 
3 
2 
3 
4 
1 
0 
0 
0 
2 
1 
1 
1 
1 
1 
1 
0 
3 
0 
0 
0 
0 
2 
0 
0 
0 
0 
1 
1 
0 
1 
2 
3 
5 
0 
0 
1 
0 
0 
0 
0 
0 
0 
0 
0 
0 
17 
0 
1 
1 
1 
2 
1 
0 
0 
3 
2 
0 
0 
0 
0 
0 
0 
0 
0 
0 
0 
0 
0 
0 
0 
0 
0 
0 
0 
0 
0 
0 
0 
0 
0 
0 
0 
0 
0 
0 
0 
0 
1 
0 
0 
0 
5 
0 
0 
0 
0 
0 
0 
0 
0 
0 
0 
0 
0 
0 
0 
0 
208 
1 
1 
1 
332 
319 
474463 