pmint
1 
20 
20 
10 
10 
10 
11 
4 
0 
212 
0 
17 
220 
17 
221 
17 
210 
41 
206 
38 
0 
39 
0 
38 
0 
0 
0 
47 
46 
0 
0 
0 
0 
0 
87 
0 
0 
0 
0 
1 
0 
0 
0 
2 
0 
0 
0 
0 
0 
9 
0 
0 
41 
4 
1719 
0 
1 
0 
0 
1 
1 
1 
1 
1 
1 
2 
0 
0 
0 
1 
1 
1 
4 
0 
5 
1 
-1 
0 
0 
1 
0 
0 
0 
0 
0 
1 
0 
1 
7 
76 
0 
1 
0 
-1 
0 
1 
0 
1 
0 
4 
0 
0 
0 
0 
15 
0 
15 
0 
8 
0 
0 
1 
1 
0 
0 
0 
0 
4 
2 
2 
1 
0 
3 
0 
1 
3 
0 
1 
4 
1 
0 
1 
2 
0 
0 
0 
0 
2 
1 
1 
1 
0 
0 
0 
0 
0 
0 
0 
0 
0 
0 
0 
0 
0 
0 
0 
0 
0 
0 
1 
0 
0 
1 
1 
1 
0 
0 
0 
1 
1 
0 
1 
1 
1 
1 
0 
1 
1 
1 
1 
0 
0 
0 
0 
0 
0 
0 
0 
0 
0 
0 
0 
0 
0 
0 
0 
0 
0 
0 
0 
0 
0 
0 
0 
0 
0 
0 
0 
0 
0 
0 
0 
0 
0 
0 
0 
0 
0 
0 
0 
0 
0 
0 
0 
0 
0 
0 
0 
0 
205 
0 
0 
0 
0 
0 
0 
0 
0 
0 
0 
0 
0 
0 
0 
0 
0 
0 
0 
0 
0 
0 
0 
0 
0 
0 
0 
0 
0 
0 
0 
0 
0 
0 
0 
0 
0 
0 
0 
0 
0 
0 
0 
0 
0 
0 
0 
0 
0 
0 
0 
0 
0 
0 
1 
0 
0 
0 
0 
0 
1 
0 
0 
0 
0 
0 
0 
0 
0 
0 
1 
0 
0 
0 
0 
2 
0 
0 
0 
1 
0 
0 
0 
1 
0 
0 
0 
0 
0 
0 
0 
0 
0 
0 
0 
0 
0 
0 
0 
0 
7 
11 
12 
35 
41 
36 
38 
0 
0 
0 
999 
0 
17 
17 
14 
41 
0 
0 
0 
0 
0 
0 
999 
0 
0 
0 
0 
0 
0 
0 
0 
0 
0 
0 
0 
0 
0 
0 
0 
0 
0 
0 
0 
0 
0 
0 
0 
0 
0 
0 
0 
1500 
1 
0 
2 
1 
0 
3 
3 
0 
0 
0 
0 
0 
0 
0 
0 
0 
0 
21 
2 
1 
0 
1 
1 
1 
0 
0 
120 
4 
1 
0 
0 
0 
0 
0 
1 
0 
0 
5 
0 
1 
0 
0 
0 
0 
0 
0 
2 
0 
0 
0 
0 
0 
0 
0 
0 
0 
3 
1 
0 
0 
0 
0 
0 
0 
0 
0 
0 
0 
0 
0 
0 
0 
0 
0 
0 
0 
0 
0 
0 
0 
0 
0 
0 
0 
0 
0 
0 
0 
2 
0 
0 
0 
0 
0 
0 
0 
0 
0 
0 
0 
0 
0 
0 
0 
0 
0 
1 
3 
2 
1 
0 
0 
0 
1 
0 
0 
0 
0 
0 
0 
0 
0 
0 
0 
0 
0 
0 
0 
0 
0 
0 
0 
0 
0 
0 
0 
0 
0 
0 
0 
0 
0 
0 
0 
5 
0 
0 
0 
0 
0 
0 
0 
0 
0 
0 
0 
0 
0 
0 
0 
143 
1 
1 
1 
299 
164 
303274 