pmint
1 
20 
20 
10 
5 
10 
11 
4 
0 
407 
0 
41 
206 
41 
210 
38 
220 
39 
221 
38 
0 
15 
0 
0 
0 
0 
0 
14 
46 
0 
0 
0 
0 
0 
49 
0 
0 
0 
1 
1 
0 
0 
0 
2 
0 
0 
0 
0 
0 
8 
0 
0 
42 
3 
1217 
0 
1 
0 
0 
1 
0 
1 
1 
0 
1 
2 
0 
0 
0 
0 
0 
0 
6 
0 
5 
1 
-1 
0 
0 
1 
1 
0 
0 
0 
0 
1 
0 
1 
7 
151 
0 
1 
0 
-1 
0 
1 
0 
1 
0 
4 
0 
0 
0 
0 
15 
0 
15 
0 
8 
0 
0 
0 
0 
0 
0 
0 
0 
4 
2 
2 
1 
0 
0 
0 
0 
0 
0 
1 
5 
1 
0 
1 
2 
0 
0 
0 
0 
0 
1 
0 
1 
0 
0 
0 
0 
0 
0 
0 
0 
0 
0 
0 
0 
0 
0 
0 
0 
0 
0 
1 
0 
0 
1 
1 
1 
0 
0 
0 
1 
1 
0 
1 
1 
1 
1 
0 
0 
1 
1 
1 
0 
0 
0 
0 
0 
0 
0 
0 
0 
0 
0 
0 
0 
0 
0 
0 
0 
0 
0 
0 
0 
0 
0 
0 
0 
0 
0 
0 
0 
0 
0 
0 
0 
0 
0 
0 
0 
0 
0 
0 
0 
0 
0 
0 
0 
0 
0 
0 
0 
205 
0 
0 
0 
0 
0 
0 
0 
0 
0 
0 
0 
0 
0 
0 
0 
0 
0 
0 
0 
0 
0 
0 
0 
0 
0 
0 
0 
0 
0 
0 
0 
0 
0 
0 
0 
0 
0 
0 
0 
0 
0 
0 
0 
0 
0 
0 
0 
0 
0 
0 
0 
0 
0 
1 
0 
0 
0 
0 
0 
1 
0 
0 
0 
0 
0 
0 
0 
0 
0 
1 
0 
0 
0 
0 
2 
0 
1 
0 
0 
0 
0 
0 
1 
0 
0 
0 
0 
0 
0 
0 
0 
0 
0 
0 
0 
0 
0 
0 
0 
13 
17 
12 
17 
11 
3 
4 
0 
0 
0 
0 
0 
0 
0 
0 
0 
0 
0 
0 
0 
0 
0 
0 
0 
0 
0 
0 
0 
0 
0 
0 
0 
0 
0 
0 
0 
0 
0 
0 
0 
0 
0 
0 
0 
0 
0 
0 
0 
0 
0 
0 
1500 
1 
0 
2 
1 
0 
5 
3 
0 
0 
0 
0 
0 
0 
0 
0 
0 
0 
26 
2 
1 
0 
1 
1 
1 
0 
0 
90 
3 
0 
0 
0 
0 
0 
0 
1 
0 
0 
0 
0 
2 
0 
0 
0 
6 
0 
0 
4 
1 
1 
0 
0 
0 
0 
0 
0 
0 
4 
1 
0 
0 
0 
0 
0 
0 
0 
0 
0 
0 
0 
0 
0 
0 
0 
0 
0 
0 
0 
0 
0 
0 
0 
0 
0 
0 
0 
0 
0 
0 
1 
0 
0 
0 
0 
0 
0 
0 
0 
0 
0 
0 
0 
0 
0 
0 
0 
0 
0 
3 
2 
0 
0 
0 
0 
0 
0 
0 
0 
0 
0 
0 
0 
0 
0 
0 
0 
0 
0 
0 
0 
0 
0 
0 
0 
0 
0 
0 
0 
0 
0 
0 
0 
0 
0 
0 
5 
0 
0 
0 
0 
0 
0 
0 
0 
0 
0 
0 
0 
0 
0 
0 
164 
1 
1 
1 
299 
176 
352969 